47.5559
36.0416
33.8112
37.895
36.5865
41.4539
39.4941
85.0048
121.94709999999999
67.4826
34.4782
38.8366
33.9839
33.4685
226.22510000000003
37.7865
37.5413
38.0893
39.3012
37.4168
35.4472
38.1029
42.033
59.0505
42.7637
33.9312
36.0597
77.8083
36.2907
86.551
37.291
35.9472
71.1131
33.188
38.6457
38.4009
30.9606
41.9038
71.9757
37.0511
38.2233
115.4881
37.9886
34.9453
34.7303
33.6055
41.5784
34.7122
36.2624
32.2392
39.3788
69.5244
41.5621
35.4791
77.63
41.6066
119.7979
35.7109
117.8809
36.7256
41.5519
71.6745
40.0847
37.3622
50.0006
73.9109
36.4364
42.8502
35.6555
35.4374
81.6945
146.42790000000002
31.1956
36.1789
31.8932
32.6757
36.5652
121.59700000000001
72.4057
39.542
39.992
44.5467
42.2176
38.1573
36.0476
36.797
70.6146
34.0103
35.8172
37.9082
36.5059
60.8377
40.7355
93.0753
104.0309
38.797
42.5656
75.3555
52.2369
42.8176
35.5217
36.5406
35.6435
80.6297
38.5527
34.4808
34.5796
37.5685
36.8704
75.0666
72.6773
35.2239
41.7038
39.2488
43.2063
36.7146
36.7849
37.5818
42.6042
37.928
67.9998
37.8814
35.7321
35.4234
37.6571
34.952
35.5282
47.899
35.4335
73.9878
67.2486
38.5595
52.5551
43.9257
37.0923
68.4527
41.5577
34.7553
41.6898
42.658
38.5143
65.9847
75.0535
101.0608
38.1459
120.0763
39.1543
39.6271
43.2064
41.5071
39.9593
38.8136
36.1544
37.5415
34.6648
75.7322
84.9093
90.0567
36.0524
40.4672
36.2211
33.6323
36.6632
39.5677
46.6856
114.8887
35.1282
39.1862
37.1107
37.856
78.9005
47.6052
40.3454
38.9815
37.6166
47.9207
74.1035
35.9452
78.1776
35.7038
40.7499
47.0989
94.4555
42.5241
108.47879999999999
120.8944
41.2023
35.0419
32.3477
33.503
99.73060000000001
52.1984
36.9264
112.9559
80.04939999999999
58.8795
34.9506
40.0894
77.8313
34.1783
74.082
39.8091
73.8523
39.3493
38.5793
81.73400000000001
53.2318
38.5675
35.9511
42.5763
45.5623
33.779
39.8035
35.0595
116.8651
35.691
81.0876
37.9693
75.5033
77.2124
40.1331
82.5892
44.5749
39.3553
43.1866
36.5588
77.354
39.9055
37.8509
45.5445
35.9431
122.47130000000001
42.9207
39.758
87.0129
41.9529
37.3114
37.5319
84.9716
38.387
43.523
76.8684
39.9038
38.6534
44.658
38.3233
39.0099
72.1917
37.0334
44.4463
89.0504
34.898
47.3727
48.4653
36.4468
41.8676
39.909
87.8786
55.7997
42.7082
44.1528
83.30770000000001
78.348
38.0341
41.4504
41.3411
114.7773
43.3349
176.6016
38.7735
51.6564
32.2713
32.9867
147.37709999999998
