41.1732
33.4691
33.9572
41.3693
35.0012
40.591
36.4823
35.4362
40.349
36.0116
38.6295
35.6989
36.8594
37.5494
35.1152
37.7227
32.2362
46.077
34.7998
40.0369
33.3781
36.7671
34.7428
38.798
61.9368
48.558
36.7597
125.9413
32.8423
35.2085
34.9053
154.2669
37.9152
34.725
39.5939
38.1869
34.4686
39.9098
31.9974
39.8358
37.5848
37.3541
40.0283
33.4731
32.0596
32.4151
34.1642
36.8453
38.3494
34.8224
38.832
32.4376
36.7437
44.3312
41.6953
34.4533
36.4945
31.3747
57.6979
32.8332
35.6453
33.5186
50.6071
48.062
38.306
38.5337
33.2166
32.3219
75.1989
40.7185
40.1752
36.0317
40.5875
33.8916
49.7343
42.7994
52.6731
95.7238
41.1759
38.9204
36.3388
35.7981
35.8786
37.9978
43.5946
36.3761
141.7403
63.2195
43.6982
39.385
35.1179
34.6176
144.9069
40.8095
46.1007
31.2016
142.3065
72.4612
40.0183
31.8383
127.167
39.5545
41.728
38.1042
36.0211
34.8284
44.9711
37.7787
41.6679
34.9508
38.8705
38.0463
32.5142
39.3205
33.7926
33.5954
41.0873
37.7742
36.2467
36.9597
39.3658
32.7722
40.1682
33.114
33.3437
33.3356
36.7683
34.0702
36.7485
39.1986
31.2725
35.296
34.6328
32.1808
52.008
36.9541
35.0537
42.1348
42.1282
37.4098
35.7573
33.4548
34.2358
40.6117
39.5801
47.0339
40.3355
36.6431
38.2687
32.2656
37.1323
33.1475
38.8224
39.2303
34.3243
36.2597
45.0186
39.3585
32.0564
40.1036
41.3755
92.3408
42.9288
39.6012
37.2539
33.9662
50.194
33.5632
42.322
33.1034
143.7252
35.2853
40.2465
35.8563
44.4199
37.4568
38.4619
39.9074
38.3348
40.6456
35.1227
36.8874
47.0766
38.1284
42.4764
54.9147
32.8849
33.0935
35.1826
42.0013
35.3702
35.2734
38.8141
42.2124
36.1391
37.9803
77.2159
43.1129
113.6903
35.3009
60.2645
129.9462
41.3724
52.7607
34.1364
40.0371
54.7066
56.4913
49.7515
37.4584
43.9971
37.2252
37.5905
38.4824
45.713
38.6685
36.5217
41.7909
46.6491
37.6201
34.9377
137.7268
41.4836
63.9366
41.135
33.8739