45.2495
34.0187
34.9882
37.2072
34.4178
33.3287
37.3256
36.4097
50.9822
39.359
39.0783
39.0188
43.3829
32.4196
41.3062
38.9944
42.4194
33.4402
39.6377
34.9356
40.0855
1000.0125
30.3917
33.2905
34.0377
32.7871
37.5323
38.1854
34.5381
41.8405
36.6442
34.5677
33.9832
39.1382
42.0703
162.7215
37.1259
42.8846
43.3665
33.9619
38.6019
35.5312
40.3857
33.2072
38.1203
47.0722
38.461
38.6601
59.8871
1000.2799
33.8333
36.5951
39.0597
36.8904
35.8141
36.8004
42.305
35.1368
33.3667
38.457
47.8138
33.2988
36.5404
37.2164
46.2701
36.1735
32.195
42.0245
37.9414
39.342
32.7883
45.3388
1008.484
33.217
44.4775
36.6437
33.9656
35.6912
31.7471
40.4505
43.8949
42.5298
39.6131
34.3145
39.9188
40.3496
41.4035
44.1247
35.4804
42.7754
41.4368
38.1221
36.2399
45.0272
41.8561
36.0005
33.1273
40.2511
34.6893
38.4583
36.6119
37.9399
34.123
33.5418
39.4205
36.9607
31.6597
38.8517
37.7768
38.7774
1000.1575
41.1653
41.929
36.8043
37.6768
29.9839
31.8967
42.5191
41.1492
36.4849
33.0377
44.4374
34.7996
1012.2872
36.8439
38.7511
37.8754
37.508
36.2418
70.9103
40.167
39.9489
36.7801
35.3285
38.4865
39.983
47.0312
36.2079
35.1054
42.3117
34.7104
32.6391
37.4165
48.3403
34.472
39.0286
35.5811
36.2056
34.5735
38.1824
40.8906
35.3097
34.5913
36.428
39.6616
46.9522
34.7982
35.8676
36.4264
37.7563
40.4191
36.5893
1001.4415
35.9269
37.9094
44.1358
36.5045
44.5482
33.3493
42.0581
1000.5914
39.9554
1011.0581
37.7379
38.7792
36.0035
33.8936
64.1929
38.8976
36.8005
41.2097
48.2171
38.7169
45.2405
1001.655
53.6979
34.6012
44.5642
47.8684
33.8181
38.6997
34.0524
33.7395
614.8161
36.1302
44.0677
33.8506
33.8333
35.4433
34.496
32.4684
37.6943
992.5633
42.1712
35.7814
33.4753
38.2789
34.7825
37.1763
36.259
33.4518
32.4819
31.5472
38.6456
31.6796
38.123
39.5254
