75.0951
39.3914
43.0673
39.7843
34.4379
73.29339999999999
150.1615
33.6315
34.5708
35.2979
33.075
33.5652
40.5286
31.2126
35.9844
35.5076
32.4276
33.0659
31.7162
62.130300000000005
34.376
33.0636
37.341
35.1776
75.8736
31.8441
70.5436
40.35
67.959
39.3442
37.9022
29.7449
90.01
102.8356
31.8175
38.4542
34.8454
34.7689
34.1541
106.9474
116.1498
32.9649
33.1253
38.0067
36.3402
33.6309
33.1983
109.0504
132.9773
35.773
156.0187
38.0205
36.9586
34.2658
31.5176
53.7151
38.081
34.232
41.9258
68.3389
100.72330000000001
39.8486
50.601
80.4879
33.3505
39.2076
140.3935
298.0936
75.7641
41.5207
38.303
76.7347
35.6881
29.9188
37.7493
29.8084
74.6421
33.7693
38.1553
174.4394
33.643
36.8519
33.2713
35.3686
105.0253
68.06099999999999
72.3748
34.1296
56.7654
33.2114
36.6234
37.3818
82.571
42.5621
70.1591
32.5565
46.7658
38.7435
70.0672
43.7777
32.6216
33.418
32.4918
31.9598
69.1858
72.9488
67.4028
56.9929
33.6612
35.3355
33.6741
38.7723
29.5861
32.1482
34.2541
77.6337
40.145
116.6603
75.7284
139.2651
95.2934
32.7777
55.178
36.168
223.1623
39.0267
35.6151
152.1042
34.9478
30.6354
40.0557
34.9277
76.47489999999999
70.187
34.386
42.9134
51.924
67.2773
35.2649
31.301
47.6471
38.4697
33.7132
66.2179
32.6843
32.3354
33.4669
43.1882
33.2538
74.7907
37.8149
36.16
32.478
70.3053
32.0448
36.0085
35.5627
81.9301
35.8079
32.4009
32.1073
34.8034
32.6185
36.0588
42.6985
73.8963
67.52940000000001
40.9061
36.6689
68.0401
32.9959
72.7745
106.3726
78.64859999999999
37.1441
43.3631
35.9179
38.9122
39.0914
31.1649
32.4952
62.0104
38.6442
109.9888
70.33600000000001
34.1339
71.3993
46.1348
37.4371
111.3279
35.1109
31.5746
32.6123
41.3418
31.3393
34.5162
32.124
116.16050000000001
39.7443
39.4704
32.4076
52.4362
31.5702
92.3662
74.2421
125.1688
90.1353
117.4529
42.257
107.8361
35.1331
37.4206
33.6484
46.5009
67.3324
36.0305
45.5796
32.5576
33.6498
35.8744
70.8742
36.4521
30.759
86.844
36.3364
64.1005
67.53110000000001
34.4101
89.4704
69.6877
41.5867
33.074
91.7425
33.7229
36.3589
46.4036
43.9157
74.7441
40.1918
46.8319
33.6523
40.39
37.8669
34.5483
72.3279
30.8398
34.6871
108.8316
72.3564
43.0784
33.2041
103.6888
33.3065
76.455
35.5928
37.4321
36.1725
32.0107
59.3957
38.2138
50.236
75.6917
38.4872
59.5246
33.9858
119.59620000000001
107.88400000000001
53.8028
40.8946
37.6854
91.6988
39.4249
151.14729999999997
